==== 121 ====
i700_1.plc: 43.04238033294678
i700_2.plc: 58.907443046569824
i700_3.plc: 48.18841767311096
i700_4.plc: 35.28401184082031
i700_5.plc: 42.83059072494507
i700_6.plc: 36.45335817337036
i700_7.plc: 75.41036915779114
i700_8.plc: 34.37192130088806
i700_9.plc: 39.665587186813354
i700_10.plc: 100.52714538574219
i700_11.plc: 66.23307156562805
i700_12.plc: 34.98190927505493
i700_13.plc: 43.7740523815155
i700_14.plc: 38.5509467124939
i700_15.plc: 38.75127840042114
i700_16.plc: 34.001643896102905
i700_17.plc: 34.88080596923828
i700_18.plc: 38.997743368148804
i700_19.plc: 36.2496600151062
i700_20.plc: 41.81307601928711
Avg time: 46.14577062129975
Med time: 39.33166527748108
Max time: 100.52714538574219
==== 201 ====
i700_1.plc: 39.79623770713806
i700_2.plc: 53.49779558181763
i700_3.plc: 47.83097553253174
i700_4.plc: 28.630059242248535
i700_5.plc: 36.548916816711426
i700_6.plc: 32.415971994400024
i700_7.plc: 30.002521514892578
i700_8.plc: 28.26939630508423
i700_9.plc: 33.584394693374634
i700_10.plc: 33.885380029678345
i700_11.plc: 61.407803535461426
i700_12.plc: 29.541935920715332
i700_13.plc: 35.74053597450256
i700_14.plc: 39.08207106590271
i700_15.plc: 34.61119365692139
i700_16.plc: 33.899253606796265
i700_17.plc: 32.212560176849365
i700_18.plc: 34.841331243515015
i700_19.plc: 32.102625131607056
i700_20.plc: 32.94601392745972
Avg time: 36.5423486828804
Med time: 33.892316818237305
Max time: 61.407803535461426
==== 210 ====
i700_1.plc: 41.90637516975403
i700_2.plc: 55.14563298225403
i700_3.plc: 45.766722679138184
i700_4.plc: 35.49551200866699
i700_5.plc: 35.75698113441467
i700_6.plc: 33.27600407600403
i700_7.plc: 35.30511498451233
i700_8.plc: 32.78942608833313
i700_9.plc: 35.03560924530029
i700_10.plc: 29.662529706954956
i700_11.plc: 61.8425087928772
i700_12.plc: 33.72561168670654
i700_13.plc: 31.718947649002075
i700_14.plc: 33.54086709022522
i700_15.plc: 31.36843252182007
i700_16.plc: 32.67169737815857
i700_17.plc: 33.890214920043945
i700_18.plc: 30.69290518760681
i700_19.plc: 31.24423623085022
i700_20.plc: 38.167420625686646
Avg time: 36.9501375079155
Med time: 33.807913303375244
Max time: 61.8425087928772
==== 211 ====
i700_1.plc: 36.60505962371826
i700_2.plc: 57.6728880405426
i700_3.plc: 47.49947237968445
i700_4.plc: 33.7190637588501
i700_5.plc: 42.85251045227051
i700_6.plc: 38.3722710609436
i700_7.plc: 33.40438103675842
i700_8.plc: 34.52362108230591
i700_9.plc: 41.819605350494385
i700_10.plc: 35.26050615310669
i700_11.plc: 67.47165441513062
i700_12.plc: 35.13669419288635
i700_13.plc: 38.466338872909546
i700_14.plc: 42.174320936203
i700_15.plc: 37.638920545578
i700_16.plc: 36.23714208602905
i700_17.plc: 35.80417537689209
i700_18.plc: 40.128397941589355
i700_19.plc: 32.71870279312134
i700_20.plc: 40.66975450515747
Avg time: 40.40877403020859
Med time: 38.0055958032608
Max time: 67.47165441513062
