i700_1.plc: 76.75164270401001
i700_2.plc: 51.8737108707428
i700_3.plc: 55.58638048171997
i700_4.plc: 46.25953412055969
i700_5.plc: 49.74412560462952
i700_6.plc: 32.86001229286194
i700_7.plc: 48.66113638877869
i700_8.plc: 36.814655780792236
i700_9.plc: 85.67065811157227
i700_10.plc: 93.44678902626038
i700_11.plc: 62.630032539367676
i700_12.plc: 30.45936894416809
i700_13.plc: 72.55695104598999
i700_14.plc: 55.76929783821106
i700_15.plc: 99.12512826919556
i700_16.plc: 30.159574031829834
i700_17.plc: 57.6275155544281
i700_18.plc: 152.2323408126831
i700_19.plc: 293.76443910598755 IO_ERROR
i700_20.plc: 33.913965702056885
IO_ERROR:
  i700_19.plc
Avg time: 61.69172737472936
Med time: 55.58638048171997
Max time: 152.2323408126831
