i700_1.plc: 40.22127842903137
i700_2.plc: 108.5435037612915
i700_3.plc: 57.69737267494202
i700_4.plc: 45.6177122592926
i700_5.plc: 57.605966091156006
i700_6.plc: 66.79803347587585
i700_7.plc: 35.96330738067627
i700_8.plc: 71.3859474658966 IO_ERROR
i700_9.plc: 58.90004587173462
i700_10.plc: 54.27458691596985
i700_11.plc: 74.52690815925598
i700_12.plc: 73.54955410957336
i700_13.plc: 81.37090110778809
i700_14.plc: 31.843673706054688
i700_15.plc: 44.40287518501282
i700_16.plc: 43.02038526535034
i700_17.plc: 72.82668781280518
i700_18.plc: 60.497846364974976
i700_19.plc: 82.75703263282776
i700_20.plc: 33.563015937805176
IO_ERROR:
  i700_8.plc
Avg time: 59.15687827060097
Med time: 57.69737267494202
Max time: 108.5435037612915
