i700_1.plc: 68.53112363815308
i700_2.plc: 81.79079627990723 IO_ERROR
i700_3.plc: 44.158621311187744
i700_4.plc: 68.80439019203186 IO_ERROR
i700_5.plc: 61.171300411224365
i700_6.plc: 52.13647198677063
i700_7.plc: 55.8937783241272
i700_8.plc: 37.43080711364746
i700_9.plc: 60.17600154876709
i700_10.plc: 60.22772288322449 INCORRECT
i700_11.plc: 62.89249873161316
i700_12.plc: 48.239537954330444
i700_13.plc: 79.55160212516785
i700_14.plc: 36.160765409469604
i700_15.plc: 67.1911792755127
i700_16.plc: 29.66368293762207
i700_17.plc: 90.27174592018127 IO_ERROR
i700_18.plc: 107.17612028121948
i700_19.plc: 83.68422651290894 IO_ERROR
i700_20.plc: 34.14475870132446
IO_ERROR:
  i700_2.plc
  i700_4.plc
  i700_17.plc
  i700_19.plc
INCORRECT:
  i700_10.plc
Avg time: 56.30121665000915
Med time: 55.8937783241272
Max time: 107.17612028121948
